PF_v0
1714.5630220000000000	0.0000000000000000	925.0774020000000100	
0.0000000000000000	1711.5879279999999000	530.2545490000000000	
0.0000000000000000	0.0000000000000000	1.0000000000000000	
0
0
0.6797931756163155	-0.2314943710665986	-0.6959106225299087	-6.5032320716098910	
-0.2123262592783841	0.8461222012906378	-0.4888709237661140	0.2810615662648424	
0.7019962948665280	0.4800912170073154	0.5260357643222570	-7.3541572560907218	

PF_v1
1714.1050220000000000	0.0000000000000000	946.6699320000000200	
0.0000000000000000	1710.8562850000001000	499.7068150000000100	
0.0000000000000000	0.0000000000000000	1.0000000000000000	
0
0
0.6578538406021793	-0.2338726794744318	-0.7159133286930843	-6.3505359024442241	
-0.2161288287709363	0.8519612477528508	-0.4769175627941467	0.2199456537263702	
0.7214684010953397	0.4684715595666991	0.5099193505821082	-7.5172747870688355

PF_v2
1717.2979630000000000	0.0000000000000000	934.9559269999999700	
0.0000000000000000	1713.8856639999999000	511.6576010000000000	
0.0000000000000000	0.0000000000000000	1.0000000000000000	
0
0
0.8002414261547116	-0.1611086992723512	-0.5776310646811200	-5.4056512871387437	
-0.1908902132031357	0.8446942827268559	-0.5000524924763637	-0.0842589179997970	
0.5684844644923329	0.5104268368212368	0.6452052835210913	-8.4061301766344076

PF_v3
1713.2339770000001000	0.0000000000000000	933.6419200000000300	
0.0000000000000000	1709.1602920000000000	540.7773069999999500	
0.0000000000000000	0.0000000000000000	1.0000000000000000	
0
0
0.8164107996471346	-0.1470297888414116	-0.5584403705076991	-5.1990713856252473	
-0.1908464658272874	0.8440096041922096	-0.5012239165408445	-0.1050035291766307	
0.5450238826884197	0.5157809895920549	0.6609984402967077	-8.5222776473244348	

PF_v4
1729.1197830000001000	0.0000000000000000	939.3208080000000600	
0.0000000000000000	1726.4888659999999000	531.2771890000000200	
0.0000000000000000	0.0000000000000000	1.0000000000000000	
0
0
0.9327170977762619	-0.0142578253153952	-0.3603269764160085	-3.7793014335229884	
-0.1741006692603963	0.8572433738237942	-0.4845851369968753	-0.3496560188568342	
0.3157970431763241	0.5147140103518400	0.7970832547912525	-9.5493240839586697	

PF_v5
1717.7668719999999000	0.0000000000000000	937.7801160000000200	
0.0000000000000000	1714.4287150000000000	541.3733580000000500	
0.0000000000000000	0.0000000000000000	1.0000000000000000	
0
0
0.9280743867899522	-0.0040272452968108	-0.3723730842579436	-3.5331928941791597	
-0.1893082924671297	0.8559958837227231	-0.4810752721279012	-0.3395717311308441	
0.3206872354610235	0.5169669509215012	0.7936654639502039	-9.6239040806095453	

PF_v6
1713.1018600000000000	0.0000000000000000	943.8974319999999800	
0.0000000000000000	1709.0667370000001000	528.9047769999999700	
0.0000000000000000	0.0000000000000000	1.0000000000000000	
0
0
0.9838803113474782	0.1317470717588428	-0.1209224628667459	-1.9668185753994669	
-0.1748476290891306	0.8505905925297345	-0.4959071994857756	-0.1784350647441275	
0.0375211879436009	0.5090563357653899	0.8599150001438605	-9.9304798612731453	

PF_v7
1714.9986879999999000	0.0000000000000000	933.3044690000000400	
0.0000000000000000	1710.6083040000001000	527.8225250000000400	
0.0000000000000000	0.0000000000000000	1.0000000000000000	
0
0
0.9809910232030940	0.1477885521929660	-0.1257583247171088	-1.7474042388240494	
-0.1908141148005074	0.8525524774961210	-0.4865637128970109	-0.1267251636254981	
0.0353070246246496	0.5013110979780251	0.8645464689976018	-9.9350092881949497	

PF_v8
1715.8420320000000000	0.0000000000000000	934.8495359999999400	
0.0000000000000000	1711.8982840000001000	530.1573310000000000	
0.0000000000000000	0.0000000000000000	1.0000000000000000	
0
0
0.9538209322006915	0.2894846155477019	0.0801516478745315	-0.2331514428583486	
-0.2066182280946141	0.8259925239368203	-0.5244475743289538	0.3313881774943668	
-0.2180241663551216	0.4836682827741351	0.8476617574973367	-9.7088629635041510	

PF_v9
1716.2547360000001000	0.0000000000000000	946.1418680000000400	
0.0000000000000000	1712.4455499999999000	512.6771579999999600	
0.0000000000000000	0.0000000000000000	1.0000000000000000	
0
0
0.9580950711505274	0.2661900568173283	0.1058144049203774	-0.0137193279545405	
-0.1728844213922282	0.8318837224614198	-0.5273333377889228	0.4009970272625576	
-0.2283961722029083	0.4869418096193006	0.8430438082138676	-9.6746059472233608	
